0: 0 1 2 3 4 51401 6T727 71479 81481 15 17 9 10 11T727 12 14
1: 1402
2: 5440
3: 1064
4: T727
51401: 2016-12-05 00:04:18
6T727: 2016-12-05 13:55:57
71479: 252
81481: 205.545283546305
15 is an invalid event
17 is an invalid event
9: 0007
10: 8746
11T727: T285
12: 7237
14: 1402 1446 1462 1492 1525 6547 7233 8332 8516 8649 8819 0012 1427 1444 1483 1484 1494 1523 5513 5610 6530 7242 8525 8722 8748 1408 1466 1502 1524 5575 0060 6536 7205 8436 1428 1430 1454 1457 5414 7259 8149 8185 8610 T283 0015 1501 5504 6508 8315 8616 1405 1485 1536 5425 5458 6511 8712 0009 1076 1511 1533 5563 6202 6504 7215 8421 8716 1447 1506 5401 5569 7239 8227 8452 8750 1433 1436 1469 5576 6500 6520 6524 8404 8605 8738 5440 5456 5471 6708 8213 8711 0013 1432 1441 1542 6514 8170 8647 1471 5464 5499 6537 7224 1078 7254 8456 8654 8717 0016 T040 1412 5402 5449 5568 6577 6716 8504 8655 0014 1517 5530 5551 7213 8123 8626 1545 5552 6551 7252 7260 8328 8331 8645 1456 5481 5599 8320 8621 0005 1414 5470 8231 1421 1426 1455 1508 1513 6583 7207 7223 7241 8310 8617 T284 1416 0019 5422 5462 5508 5521 5556 7202 8371 5491 5535 8145 8707 5421 5489 7234 7240 8119 8651 6713 8157 8205 8338 1473 1486 1503 1512 5596 7231 0049 7210 7245 1071 1499 5496 5548 7217 8342 8503 1461 1490 0024 0054 6510 8355 8450 8620 0004 5523 1410 5423 7204 7209 1420 0006 6719 8311 1423 0020 0058 6515 6546 6565 8618 1535 6512 7208 8163 8528 1439 1463 1480 1489 1543 5501 1406 5474 6503 7235 8728 8746 5427 6720 7226 8727 1079 5419 5536 5583 6540 1437 0026 7244 8437 1539 1547 0052 5441 5451 6513 1442 1479 8747 1488 0021 0025 5418 7219 7238 0007 1422 5479 5584 7227 7229 1450 1453 1459 5510 1077 1534 5455 5567 T044 5461 8220 1516 8102 1537 5480 7253 6553 7258 8211 8511 5550 7237 7247 7256 1431 1449 8104 8353 0010 1424 1481 7228 1520 7257 1507 1544 8325 5586 8444 5444 5528 7221 8352 1411 1413 1451 7225 0028 7246 0011 0018 1440 8121 1075 1470 1475 5443 5483 5529 0051 8329 1460 1518 1445 5415 1417 5404 5413 8118 8158 8445 1519 1531 6203 6226 1495 5490 1510 8510 1528 8411 8435 T280 1474 0027 5526 5579 7216 1401 8403 0017 5406 1515 1549 5561 5601 6206 8660 0003 1409 1472 1053 1425 5493 1496 5633 1403 5629 8726 5574 8708 1491 8658 1476 8816 8348 1550 1529 1467 8624 1509 1415 8161 1526 0002 6526 1514 6582 8737 8631 1482 8448 8216 6573 8827 1400 1080 8749 1497 5534 5600 6538 1538 5411 5519 5635 8603 6506 8367 8704 5485 1468 8845 5447 8164 8820 5589 8613 0001 8739 5597 5509 0059 5477 8813 7203 1418 8635 8729 6570 8800 8632 6726 8840 8652 8410 7236 1407 8230 6544 8646 8807 8643 8731 8736 8611 1527 1532 5606 8339 8144 8114 8330 8192 6533 8135 8834 8222 8314 8335 1548 6566 1404 1493 1419 1540 8724 6730 1465 1487 1505 1448 1504 1434 6587 8443 6727 8345 6705 6717 8312 6729 6707 6507 6525 6709 6714 6712 8418 6575 8313 6516 6531 8653 8442 8706 8657 8614 8609 8601 6509 8648 8638 8742 8622 8630 8833 6563 8634 8817 6715 8428 8426 6550 8439 8723 6576 6588 6528 8650 8701 8234 8427 8409 8744 8639 6579 8719 8523 6567 6532 8835 8732 8831 8519 8607 8526 8629 6569 1057 6250 8733 6257 8640 8810 5412 8702 8656 5476 5417 6251 5482 5407 5487 6253 5473 6278 6410 8804 1040 8642 6224 8615 8514 8841 8515 T039 8837 8522 6519 5638 1058 5582 6704 1061 5559 5612 8449 5580 8148 8828 5626 5639 1895 6589 1893 1815 5617 5495 5577 5524 5505 6534 5540 5541 5611 5557 5527 5572 1073 8412 5558 5585 5514 5614 5506 5517 5512 5595 5544 5554 5613 5609 5615 5593 5538 7206 7248 7243 8223 6572 5570 6586 8718 1052 5591 8446 8455 8368 8826 8341 5469 5448 5486 8821 8131 8434 8194 8317 5442 7201 T282 6548 6402 8422 8809 8105 6562 8824 8505 8440 8846 8208 8453 8441 6270 8502 8419 6268 8530 8636 1458 8361 8225 5565 5450 7232 8604 T043 6292 8130 8364 5478 5497 T199 5475 5434 5437 5466 5426 5429 5457 5420 5467 5465 5405 6255 5459 6590 8405 5408 8454 5410 8703 8110 6280 8165 8847 6725 8406 8527 6271 6406 8363 8625 5484 8517 8735 6298 6543 6416 8217 5468 8138 8508 5436 8347 8520 8720 8218 6284 1443 8219 8351 6418 8307 6721 8171 8183 8327 8344 8169 6545 8501 6420 6723 6403 8714 6518 8182 6549 6243 6561 8814 5488 5581 6581 8304 0050 8179 8641 6275 8120 5562 5543 5515 8309 8415 5502 6265 8402 8226 8725 6248 6591 5503 8805 6282 5573 5594 8823 5590 8430 5634 6542 5539 5518 6423 8189 8203 8176 6240 6273 5604 6502 5616 8333 8803 5608 6523 6711 8146 6247 8343 6266 6414 8619 8346 8302 8365 8174 6527 5453 8370 6225 6564 8125 8181 6286 8154 8321 8303 8811 8413 8710 8202 6700 6258 6411 6568 8801 6560 8822 8818 7214 6722 8612 8159 8354 8324 8142 8233 6415 6239 6221 8115 8172 6535 8228 8116 8451 8209 8221 8661 6718 8832 6539 8175 8156 8197 6724 8326 8812 8745 5603 6541 8184 8141 8152 6580 6274 8842 6294 6252 8336 8806 6216 8153 6501 6517 8214 8318 8627 8356 6578 6421 8424 8117 8369 8107 8334 8180 6201 6706 6288 6424 8129 6710 8147 8705 8109 5598 8730 8721 8188 8113 8420 6208 8127 8235 8401 8350 5605 8224 6522 6207 8709 6574 8201 8357 8438 8200 5435 8193 8143 6702 8362 8212 8301 7249 6701 8139 T727 1006 1007 5637 5627 5587 6263 1009 1522 5625 1015 0888 0894 5592 8740 1011 1008 6267 8734 0896 0897 1477 7250 0895 6552 6554 6703 0497 8366 7211 8662 8633 1500 6299 6297 6215 8160 8637
Time elapsed: 1 minutes and 4 seconds
